091304101 林赚 95 86
091304102 张献旺 80 60
091304103 谢宇舟 80 55
091304105 汪川 90 80
091304106 温瑞瑞 85 68
091304107 徐超 80 71
091304108 谢挺 85 69
091304109 陈鹏 95 96
091304110 宋发坤 90 83
091304111 杨阳 80 53
091304112 李青青 85 69
091304113 张晓娟 90 82
091304114 谢锋 95 94
091304115 汪超 84 66
091304116 童静 90 86
091304117 王冠 95 65
091304118 李畅 70 46
091304119 霍盛 81 62
091304120 王星 90 81
091304121 陈加新 95 92
091304122 陈文杰 85 74
091304123 陈世友 95 88
091304124 樊栋 80 64
091304125 杨思 70 59
091304126 许小鹏 90 70
091304128 张玉 90 78
091304129 张怡 95 80
091304130 曾沫 80 72
091304131 洪荣 70 58
091304132 谷冰峰 70 55
091304201 栗振谯 60 14
091304202 周怀卓 80 78
091304203 邓映礼 80 72
091304204 曾坤 70 55
091304205 王冰 80 72
091304206 赵秀云 95 88
091304207 万亚[ 80 70
091304208 曹振凯 95 88
091304209 赵铸 95 94
091304210 徐鹏飞 95 86
091304211 陈健 80 72
091304212 张凯雄 80 70
091304213 张备 80 52
091304214 吴侨 75 62
091304215 李刚 70 58
091304216 叶婷 75 66
091304217 何凯 80 78
091304218 刘干 95 96
091304219 梅洲雄 95 88
091304220 陈旭锟 60 30
091304221 郑翔 70 60
091304222 金平平 80 72
091304223 张振宇 70 55
091304224 周娉婷 80 68
091304225 肖兴 60 38
091304226 雷唯 85 78
091304227 陈建武 95 84
091304228 朱文娟 80 76
091304229 刘善 60 26
091304230 李一杭 60 41
070505207 黄志明 60 48
090505201 吴远登 80 68
090505202 柯善普 90 83
090505203 李泽宇 80 62
090505204 刘杨 80 65
090505205 万正 85 73
090505206 龚梦云 90 80
090505207 邹彬渔 85 74
090505208 李超 90 81
090505209 张淼 85 70
090505210 王涛 100 99
090505211 李发成 90 81
090505212 彭辉 80 56
090505213 罗小超 80 62
090505214 王刚 95 86
090505215 骆剑锋 100 96
090505216 张乐艺 80 65
090505217 王钰 90 80
090505218 章友文 95 83
090505219 殷俊 95 83
090505220 黄鹏 85 78
090505221 朱哲 80 57
090505222 熊姜伟 80 70
090505223 王朝 60 14
090505224 杜冬军 95 84
090505225 郑皖肖 80 66
090505226 段俊杰 95 87
090505227 贺洲 90 79
090505228 刘凡 60 36
090505229 陈牡丹 80 70
090505230 沈梦霞 85 76
080505101 崔玉超 60 47
090505101 简浩林 80 56
090505102 黄陈涛 60 48
090505103 郭振玉 95 90
090505104 李争献 85 79
090505105 刘海房 90 86
090505106 刘成军 80 53
090505107 张鑫 60 46
090505108 邢子文 80 52
090505109 杨洋 80 68
090505110 叶飞 80 65
090505111 王柏刚 60 38
090505112 袁永君 95 87
090505113 刘思 80 56
090505114 卢飞 80 66
090505115 徐俊伟 95 88
090505116 赵丰 80 70
090505117 王华磊 80 67
090505118 席俊杰 85 79
090505119 张进红 80 72
090505120 周坦立 80 53
090505121 张海波 80 54
090505122 吴瑜 85 77
090505123 王秋 60 24
090505124 阙婷婷 85 70
090505125 王娟 85 78
090505126 周雅 80 58
090505127 高洁 85 71
090505128 龚巧林 80 53
090505129 张洁 85 72
090505130 朱亚男 80 65
090505131 刘雨婷 60 45
090809101 向] 80 62
090809102 郭龙飞 85 76
090809103 李建军 80 52
090809104 候建国 60 42
090809105 陶野 60 43
090809106 梁正兴 80 59
090809107 明鑫 95 81
090809108 吕江怀 85 73
090809109 张江城 90 80
090809110 谢进 95 86
090809111 黄圳 90 79
090809112 周习东 85 70
090809113 王科 85 50
090809114 任立 90 82
090809115 曾昭葆 60 22
090809116 胡冰 95 86
090809117 吴亚欢 85 79
090809118 许立婷 80 56
090809119 王春香 80 54
090809120 郭小燕 90 81
090809121 鲁晓姗 95 93
090809122 许悠悠 85 73
090809123 石峰岭 80 52
090809124 余婉蓉 85 75
090809125 蔡霜 95 89
090809126 万霞 90 79
090809127 南佳佳 60 34
090809128 毕莹 95 85
090809129 向敏 85 71
090809130 谢超红 95 93
090809131 王容 80 52
090809201 李连杰 80 59
090809202 徐琳博 60 6
090809203 刘鹏 60 10
090809204 杨浩 60 22
090809205 钟健 60 2
090809206 柯亚迪 60 43
090809207 徐松 85 74
090809208 李泽 85 71
090809209 朱江华 90 82
090809210 陈路 95 86
090809211 叶苗 95 91
090809212 吴子臻 80 63
090809213 王汉林 60 38
090809214 王忠斌 60 29
090809215 芦恩泽 60 43
090809216 赵慧 80 60
090809217 林小瑜 80 68
090809218 石佳巧 80 63
090809219 白皓 95 89
090809220 杨海玲 80 60
090809221 朱粲 85 71
090809222 邱菊云 90 84
090809223 许凌云 85 73
090809224 罗程方 90 80
090809225 姚慧丽 81 51
090809226 熊桃 85 69
090809227 张锦蒙 90 84
090809228 聂永 80 59
090809229 鲁飒爽 90 83
090809230 刘莎 85 71
0913041034 李斯 45 89
123456789 额头日 67 89
123456798 武器二二 56 78
123456756 望文艺 67 0
987654321 张三 60 85
987654321 张三 60 85
987654341 张三 60 85
143456789 王五 67 89
143456789 王五 67 89
